0.0 3.12298
0.1 3.120152
0.2 3.111752
0.3 3.09803
0.4 3.0794
0.5 3.056429
0.6 3.029832
0.7 3.000455
0.8 2.969265
0.9 2.937327
1.0 2.90579
1.1 2.87586
1.2 2.848777
1.3 2.825793
1.4 2.808142
1.5 2.79701
1.6 2.793514
1.7 2.798667
1.8 2.813353
1.9 2.838304
2.0 2.874072
2.1 2.921009
2.2 2.979249
2.3 3.048692
2.4 3.128997
2.5 3.219572
2.6 3.319578
2.7 3.427931
2.8 3.543312
2.9 3.664188
3.0 3.788825
3.1 3.915323
3.2 4.041641
3.3 4.165637
3.4 4.285104
3.5 4.39781
3.6 4.501546
3.7 4.594166
3.8 4.673633
3.9 4.738063
4.0 4.785761
4.1 4.815266
4.2 4.825376
4.3 4.815183
4.4 4.784091
4.5 4.731839
4.6 4.658501
4.7 4.564498
4.8 4.450589
4.9 4.317857
5.0 4.167696
5.1 4.001781
5.2 3.822041
5.3 3.630618
5.4 3.42983
5.5 3.222125
5.6 3.010037
5.7 2.796133
5.8 2.58297
5.9 2.373047
6.0 2.168757
6.1 1.972347
6.2 1.78588
6.3 1.611199
6.4 1.449903
6.5 1.303317
6.6 1.172484
6.7 1.058148
6.8 0.960751
6.9 0.880441
7.0 0.817071
7.1 0.770219
7.2 0.739206
7.3 0.723116
7.4 0.720823
7.5 0.731023
7.6 0.752265
7.7 0.782981
7.8 0.821525
7.9 0.866202
8.0 0.915303
8.1 0.967139
8.2 1.020068
8.3 1.072523
8.4 1.123036
8.5 1.170263
8.6 1.212999
8.7 1.250194
8.8 1.280964
8.9 1.304597
9.0 1.320561
9.1 1.328499
9.2 1.328231
9.3 1.319744
9.4 1.303186
9.5 1.278855
9.6 1.247184
9.7 1.208724
9.8 1.164134
9.9 1.114156
10.0 1.0596
10.1 1.001328
10.2 0.940229
10.3 0.877208
10.4 0.813163
10.5 0.748973
10.6 0.685478
10.7 0.623473
10.8 0.563687
10.9 0.506782
11.0 0.453336
11.1 0.403845
11.2 0.358713
11.3 0.318251
11.4 0.282678
11.5 0.25212
11.6 0.226615
11.7 0.206116
11.8 0.190495
11.9 0.179553
12.0 0.173023
12.1 0.170583
12.2 0.171863
12.3 0.176452
12.4 0.183911
12.5 0.193778
12.6 0.20558
12.7 0.218842
12.8 0.233093
12.9 0.247877
13.0 0.262755
13.1 0.277317
13.2 0.291184
13.3 0.304012
13.4 0.315501
13.5 0.32539
13.6 0.333466
13.7 0.339561
13.8 0.343553
13.9 0.345368
14.0 0.344975
14.1 0.342386
14.2 0.337653
14.3 0.330867
14.4 0.32215
14.5 0.311654
14.6 0.299557
14.7 0.286056
14.8 0.271367
14.9 0.255715
15.0 0.239332
15.1 0.222456
15.2 0.205318
15.3 0.188147
15.4 0.171163
15.5 0.154572
15.6 0.138565
15.7 0.123316
15.8 0.108977
15.9 0.095681
16.0 0.083538
16.1 0.072634
16.2 0.063033
16.3 0.054774
16.4 0.047875
16.5 0.042331
16.6 0.038117
16.7 0.03519
16.8 0.033487
16.9 0.032932
17.0 0.033435
17.1 0.034893
17.2 0.037195
17.3 0.040224
17.4 0.043857
17.5 0.047969
17.6 0.052435
17.7 0.057131
17.8 0.061936
17.9 0.066736
18.0 0.071421
18.1 0.075893
18.2 0.080059
18.3 0.083839
18.4 0.087164
18.5 0.089975
18.6 0.092226
18.7 0.093884
18.8 0.094925
18.9 0.095339
19.0 0.095127
19.1 0.0943
19.2 0.092879
19.3 0.090895
19.4 0.088385
19.5 0.085396
19.6 0.081977
19.7 0.078186
19.8 0.074082
19.9 0.069727
20.0 0.065185
20.1 0.060518
20.2 0.055791
20.3 0.051064
20.4 0.046397
20.5 0.041843
20.6 0.037455
20.7 0.033278
20.8 0.029353
20.9 0.025717
21.0 0.022399
21.1 0.019422
21.2 0.016804
21.3 0.014557
21.4 0.012686
21.5 0.011191
21.6 0.010067
21.7 0.009302
21.8 0.008881
21.9 0.008785
22.0 0.008991
22.1 0.009471
22.2 0.010196
22.3 0.011135
22.4 0.012254
22.5 0.013521
22.6 0.0149
22.7 0.016358
22.8 0.01786
22.9 0.019375
23.0 0.020872
23.1 0.02232
23.2 0.023695
23.3 0.024971
23.4 0.026127
23.5 0.027146
23.6 0.028011
23.7 0.028711
23.8 0.029238
23.9 0.029584
24.0 0.029749
24.1 0.029733
24.2 0.029538
24.3 0.029172
24.4 0.028642
24.5 0.027958
24.6 0.027135
24.7 0.026184
24.8 0.025122
24.9 0.023966
25.0 0.022731
25.1 0.021436
25.2 0.020098
25.3 0.018734
25.4 0.017363
25.5 0.015999
25.6 0.014659
25.7 0.013358
25.8 0.012109
25.9 0.010924
26.0 0.009814
26.1 0.008788
26.2 0.007853
26.3 0.007017
26.4 0.006283
26.5 0.005653
26.6 0.00513
26.7 0.004713
26.8 0.0044
26.9 0.004188
27.0 0.004072
27.1 0.004047
27.2 0.004106
27.3 0.004243
27.4 0.004448
27.5 0.004713
27.6 0.00503
27.7 0.005388
27.8 0.005778
27.9 0.00619
28.0 0.006616
28.1 0.007047
28.2 0.007473
28.3 0.007887
28.4 0.008282
28.5 0.008649
28.6 0.008985
28.7 0.009283
28.8 0.009539
28.9 0.009749
29.0 0.009912
29.1 0.010024
29.2 0.010085
29.3 0.010095
29.4 0.010055
29.5 0.009965
29.6 0.009828
29.7 0.009645
29.8 0.009421
29.9 0.009159
30.0 0.008863
30.1 0.008536
30.2 0.008185
30.3 0.007812
30.4 0.007423
30.5 0.007023
30.6 0.006616
30.7 0.006208
30.8 0.005803
30.9 0.005404
31.0 0.005017
31.1 0.004644
31.2 0.004289
31.3 0.003955
31.4 0.003645
31.5 0.003361
31.6 0.003104
31.7 0.002875
31.8 0.002676
31.9 0.002507
32.0 0.002368
32.1 0.002257
32.2 0.002176
32.3 0.002121
32.4 0.002092
32.5 0.002088
32.6 0.002105
32.7 0.002142
32.8 0.002197
32.9 0.002266
33.0 0.002349
33.1 0.002441
33.2 0.002541
33.3 0.002646
33.4 0.002753
33.5 0.00286
33.6 0.002966
33.7 0.003067
33.8 0.003162
33.9 0.00325
34.0 0.003328
34.1 0.003396
34.2 0.003452
34.3 0.003496
34.4 0.003527
34.5 0.003543
34.6 0.003546
34.7 0.003535
34.8 0.003511
34.9 0.003473
35.0 0.003422
35.1 0.003359
35.2 0.003286
35.3 0.003201
35.4 0.003108
35.5 0.003006
35.6 0.002898
35.7 0.002784
35.8 0.002667
35.9 0.002546
36.0 0.002423
36.1 0.002301
36.2 0.002179
36.3 0.002059
36.4 0.001943
36.5 0.00183
36.6 0.001723
36.7 0.001621
36.8 0.001526
36.9 0.001438
37.0 0.001357
37.1 0.001284
37.2 0.001219
37.3 0.001162
37.4 0.001113
37.5 0.001072
37.6 0.001039
37.7 0.001013
37.8 0.000995
37.9 0.000983
38.0 0.000977
38.1 0.000978
38.2 0.000983
38.3 0.000992
38.4 0.001006
38.5 0.001022
38.6 0.001042
38.7 0.001063
38.8 0.001085
38.9 0.001108
39.0 0.00113
39.1 0.001152
39.2 0.001173
39.3 0.001193
39.4 0.00121
39.5 0.001225
39.6 0.001237
39.7 0.001245
39.8 0.001251
39.9 0.001253
40.0 0.001252
