# 401 angles,  1 tensor ranks for 0=projectile
@subtitle   "n14(f17,ne18)c13 @ 170 MeV;"                                                                                           
@legend ON
@legend x1 0.2
@legend y1 0.8
@g0 type LOGY
@             s0 legend        "Lab energy =  170.0000"
#             s0 legend        "Partition=  2 Excit=  1 near/far= 1"
#  Theta       sigma       iT11        T20         T21         T22         Kyy for projectile
  0.0000      3.1230    
 0.10000      3.1202    
 0.20000      3.1118    
 0.30000      3.0980    
 0.40000      3.0794    
 0.50000      3.0564    
 0.60000      3.0298    
 0.70000      3.0005    
 0.80000      2.9693    
 0.90000      2.9373    
  1.0000      2.9058    
  1.1000      2.8759    
  1.2000      2.8488    
  1.3000      2.8258    
  1.4000      2.8081    
  1.5000      2.7970    
  1.6000      2.7935    
  1.7000      2.7987    
  1.8000      2.8134    
  1.9000      2.8383    
  2.0000      2.8741    
  2.1000      2.9210    
  2.2000      2.9792    
  2.3000      3.0487    
  2.4000      3.1290    
  2.5000      3.2196    
  2.6000      3.3196    
  2.7000      3.4279    
  2.8000      3.5433    
  2.9000      3.6642    
  3.0000      3.7888    
  3.1000      3.9153    
  3.2000      4.0416    
  3.3000      4.1656    
  3.4000      4.2851    
  3.5000      4.3978    
  3.6000      4.5015    
  3.7000      4.5942    
  3.8000      4.6736    
  3.9000      4.7381    
  4.0000      4.7858    
  4.1000      4.8153    
  4.2000      4.8254    
  4.3000      4.8152    
  4.4000      4.7841    
  4.5000      4.7318    
  4.6000      4.6585    
  4.7000      4.5645    
  4.8000      4.4506    
  4.9000      4.3179    
  5.0000      4.1677    
  5.1000      4.0018    
  5.2000      3.8220    
  5.3000      3.6306    
  5.4000      3.4298    
  5.5000      3.2221    
  5.6000      3.0100    
  5.7000      2.7961    
  5.8000      2.5830    
  5.9000      2.3730    
  6.0000      2.1688    
  6.1000      1.9723    
  6.2000      1.7859    
  6.3000      1.6112    
  6.4000      1.4499    
  6.5000      1.3033    
  6.6000      1.1725    
  6.7000      1.0581    
  6.8000     0.96075    
  6.9000     0.88044    
  7.0000     0.81707    
  7.1000     0.77022    
  7.2000     0.73921    
  7.3000     0.72312    
  7.4000     0.72082    
  7.5000     0.73102    
  7.6000     0.75226    
  7.7000     0.78298    
  7.8000     0.82152    
  7.9000     0.86620    
  8.0000     0.91530    
  8.1000     0.96714    
  8.2000      1.0201    
  8.3000      1.0725    
  8.4000      1.1230    
  8.5000      1.1703    
  8.6000      1.2130    
  8.7000      1.2502    
  8.8000      1.2810    
  8.9000      1.3046    
  9.0000      1.3206    
  9.1000      1.3285    
  9.2000      1.3282    
  9.3000      1.3197    
  9.4000      1.3032    
  9.5000      1.2789    
  9.6000      1.2472    
  9.7000      1.2087    
  9.8000      1.1641    
  9.9000      1.1142    
  10.000      1.0596    
  10.100      1.0013    
  10.200     0.94023    
  10.300     0.87721    
  10.400     0.81316    
  10.500     0.74897    
  10.600     0.68548    
  10.700     0.62347    
  10.800     0.56369    
  10.900     0.50678    
  11.000     0.45334    
  11.100     0.40385    
  11.200     0.35871    
  11.300     0.31825    
  11.400     0.28268    
  11.500     0.25212    
  11.600     0.22662    
  11.700     0.20612    
  11.800     0.19050    
  11.900     0.17955    
  12.000     0.17302    
  12.100     0.17058    
  12.200     0.17186    
  12.300     0.17645    
  12.400     0.18391    
  12.500     0.19378    
  12.600     0.20558    
  12.700     0.21884    
  12.800     0.23309    
  12.900     0.24788    
  13.000     0.26275    
  13.100     0.27732    
  13.200     0.29118    
  13.300     0.30401    
  13.400     0.31550    
  13.500     0.32539    
  13.600     0.33347    
  13.700     0.33956    
  13.800     0.34355    
  13.900     0.34537    
  14.000     0.34497    
  14.100     0.34239    
  14.200     0.33765    
  14.300     0.33087    
  14.400     0.32215    
  14.500     0.31165    
  14.600     0.29956    
  14.700     0.28606    
  14.800     0.27137    
  14.900     0.25571    
  15.000     0.23933    
  15.100     0.22246    
  15.200     0.20532    
  15.300     0.18815    
  15.400     0.17116    
  15.500     0.15457    
  15.600     0.13857    
  15.700     0.12332    
  15.800     0.10898    
  15.900     0.95681E-01
  16.000     0.83538E-01
  16.100     0.72634E-01
  16.200     0.63033E-01
  16.300     0.54774E-01
  16.400     0.47875E-01
  16.500     0.42331E-01
  16.600     0.38117E-01
  16.700     0.35190E-01
  16.800     0.33487E-01
  16.900     0.32932E-01
  17.000     0.33435E-01
  17.100     0.34893E-01
  17.200     0.37195E-01
  17.300     0.40224E-01
  17.400     0.43857E-01
  17.500     0.47969E-01
  17.600     0.52435E-01
  17.700     0.57131E-01
  17.800     0.61936E-01
  17.900     0.66736E-01
  18.000     0.71421E-01
  18.100     0.75893E-01
  18.200     0.80059E-01
  18.300     0.83839E-01
  18.400     0.87164E-01
  18.500     0.89975E-01
  18.600     0.92226E-01
  18.700     0.93884E-01
  18.800     0.94925E-01
  18.900     0.95339E-01
  19.000     0.95127E-01
  19.100     0.94300E-01
  19.200     0.92879E-01
  19.300     0.90895E-01
  19.400     0.88385E-01
  19.500     0.85396E-01
  19.600     0.81977E-01
  19.700     0.78186E-01
  19.800     0.74082E-01
  19.900     0.69727E-01
  20.000     0.65185E-01
  20.100     0.60518E-01
  20.200     0.55791E-01
  20.300     0.51064E-01
  20.400     0.46397E-01
  20.500     0.41843E-01
  20.600     0.37455E-01
  20.700     0.33278E-01
  20.800     0.29353E-01
  20.900     0.25717E-01
  21.000     0.22399E-01
  21.100     0.19422E-01
  21.200     0.16804E-01
  21.300     0.14557E-01
  21.400     0.12686E-01
  21.500     0.11191E-01
  21.600     0.10067E-01
  21.700     0.93018E-02
  21.800     0.88813E-02
  21.900     0.87855E-02
  22.000     0.89908E-02
  22.100     0.94706E-02
  22.200     0.10196E-01
  22.300     0.11135E-01
  22.400     0.12254E-01
  22.500     0.13521E-01
  22.600     0.14900E-01
  22.700     0.16358E-01
  22.800     0.17860E-01
  22.900     0.19375E-01
  23.000     0.20872E-01
  23.100     0.22320E-01
  23.200     0.23695E-01
  23.300     0.24971E-01
  23.400     0.26127E-01
  23.500     0.27146E-01
  23.600     0.28011E-01
  23.700     0.28711E-01
  23.800     0.29238E-01
  23.900     0.29584E-01
  24.000     0.29749E-01
  24.100     0.29733E-01
  24.200     0.29538E-01
  24.300     0.29172E-01
  24.400     0.28642E-01
  24.500     0.27958E-01
  24.600     0.27135E-01
  24.700     0.26184E-01
  24.800     0.25122E-01
  24.900     0.23966E-01
  25.000     0.22731E-01
  25.100     0.21436E-01
  25.200     0.20098E-01
  25.300     0.18734E-01
  25.400     0.17363E-01
  25.500     0.15999E-01
  25.600     0.14659E-01
  25.700     0.13358E-01
  25.800     0.12109E-01
  25.900     0.10924E-01
  26.000     0.98138E-02
  26.100     0.87878E-02
  26.200     0.78535E-02
  26.300     0.70170E-02
  26.400     0.62827E-02
  26.500     0.56534E-02
  26.600     0.51303E-02
  26.700     0.47130E-02
  26.800     0.43998E-02
  26.900     0.41875E-02
  27.000     0.40717E-02
  27.100     0.40469E-02
  27.200     0.41064E-02
  27.300     0.42428E-02
  27.400     0.44481E-02
  27.500     0.47134E-02
  27.600     0.50298E-02
  27.700     0.53877E-02
  27.800     0.57777E-02
  27.900     0.61903E-02
  28.000     0.66164E-02
  28.100     0.70468E-02
  28.200     0.74731E-02
  28.300     0.78871E-02
  28.400     0.82815E-02
  28.500     0.86495E-02
  28.600     0.89851E-02
  28.700     0.92830E-02
  28.800     0.95390E-02
  28.900     0.97494E-02
  29.000     0.99117E-02
  29.100     0.10024E-01
  29.200     0.10085E-01
  29.300     0.10095E-01
  29.400     0.10055E-01
  29.500     0.99648E-02
  29.600     0.98275E-02
  29.700     0.96454E-02
  29.800     0.94215E-02
  29.900     0.91593E-02
  30.000     0.88629E-02
  30.100     0.85365E-02
  30.200     0.81846E-02
  30.300     0.78118E-02
  30.400     0.74230E-02
  30.500     0.70229E-02
  30.600     0.66165E-02
  30.700     0.62082E-02
  30.800     0.58026E-02
  30.900     0.54040E-02
  31.000     0.50165E-02
  31.100     0.46437E-02
  31.200     0.42890E-02
  31.300     0.39553E-02
  31.400     0.36452E-02
  31.500     0.33607E-02
  31.600     0.31037E-02
  31.700     0.28753E-02
  31.800     0.26764E-02
  31.900     0.25072E-02
  32.000     0.23677E-02
  32.100     0.22574E-02
  32.200     0.21756E-02
  32.300     0.21211E-02
  32.400     0.20923E-02
  32.500     0.20876E-02
  32.600     0.21048E-02
  32.700     0.21420E-02
  32.800     0.21966E-02
  32.900     0.22664E-02
  33.000     0.23487E-02
  33.100     0.24410E-02
  33.200     0.25408E-02
  33.300     0.26456E-02
  33.400     0.27528E-02
  33.500     0.28603E-02
  33.600     0.29657E-02
  33.700     0.30671E-02
  33.800     0.31624E-02
  33.900     0.32500E-02
  34.000     0.33284E-02
  34.100     0.33962E-02
  34.200     0.34524E-02
  34.300     0.34961E-02
  34.400     0.35265E-02
  34.500     0.35434E-02
  34.600     0.35463E-02
  34.700     0.35354E-02
  34.800     0.35109E-02
  34.900     0.34730E-02
  35.000     0.34223E-02
  35.100     0.33595E-02
  35.200     0.32855E-02
  35.300     0.32013E-02
  35.400     0.31078E-02
  35.500     0.30064E-02
  35.600     0.28982E-02
  35.700     0.27845E-02
  35.800     0.26666E-02
  35.900     0.25458E-02
  36.000     0.24234E-02
  36.100     0.23008E-02
  36.200     0.21790E-02
  36.300     0.20593E-02
  36.400     0.19427E-02
  36.500     0.18302E-02
  36.600     0.17227E-02
  36.700     0.16210E-02
  36.800     0.15257E-02
  36.900     0.14375E-02
  37.000     0.13567E-02
  37.100     0.12837E-02
  37.200     0.12187E-02
  37.300     0.11618E-02
  37.400     0.11129E-02
  37.500     0.10720E-02
  37.600     0.10389E-02
  37.700     0.10133E-02
  37.800     0.99482E-03
  37.900     0.98304E-03
  38.000     0.97747E-03
  38.100     0.97756E-03
  38.200     0.98274E-03
  38.300     0.99238E-03
  38.400     0.10059E-02
  38.500     0.10225E-02
  38.600     0.10416E-02
  38.700     0.10626E-02
  38.800     0.10848E-02
  38.900     0.11076E-02
  39.000     0.11303E-02
  39.100     0.11524E-02
  39.200     0.11734E-02
  39.300     0.11927E-02
  39.400     0.12099E-02
  39.500     0.12247E-02
  39.600     0.12366E-02
  39.700     0.12454E-02
  39.800     0.12510E-02
  39.900     0.12530E-02
  40.000     0.12515E-02
 &
