# 0.01000
#    1 4001   20    1
# Optical potential KP=  1: type,multipole =  0  0
    0.000   144.00       0.0000    
    0.200   7.1998       0.0000    
    0.400   3.5999       0.0000    
    0.600   2.3999       0.0000    
    0.800   1.8000       0.0000    
    1.000   1.4400       0.0000    
    1.200   1.2000       0.0000    
    1.400   1.0285       0.0000    
    1.600  0.89998       0.0000    
    1.800  0.79998       0.0000    
    2.000  0.71998       0.0000    
    2.200  0.65453       0.0000    
    2.400  0.59999       0.0000    
    2.600  0.55383       0.0000    
    2.800  0.51427       0.0000    
    3.000  0.47999       0.0000    
    3.200  0.44999       0.0000    
    3.400  0.42352       0.0000    
    3.600  0.39999       0.0000    
    3.800  0.37894       0.0000    
    4.000  0.35999       0.0000    
    4.200  0.34285       0.0000    
    4.400  0.32726       0.0000    
    4.600  0.31304       0.0000    
    4.800  0.29999       0.0000    
    5.000  0.28799       0.0000    
    5.200  0.27692       0.0000    
    5.400  0.26666       0.0000    
    5.600  0.25714       0.0000    
    5.800  0.24827       0.0000    
    6.000  0.23999       0.0000    
    6.200  0.23225       0.0000    
    6.400  0.22499       0.0000    
    6.600  0.21818       0.0000    
    6.800  0.21176       0.0000    
    7.000  0.20571       0.0000    
    7.200  0.20000       0.0000    
    7.400  0.19459       0.0000    
    7.600  0.18947       0.0000    
    7.800  0.18461       0.0000    
    8.000  0.18000       0.0000    
    8.200  0.17561       0.0000    
    8.400  0.17142       0.0000    
    8.600  0.16744       0.0000    
    8.800  0.16363       0.0000    
    9.000  0.16000       0.0000    
    9.200  0.15652       0.0000    
    9.400  0.15319       0.0000    
    9.600  0.15000       0.0000    
    9.800  0.14694       0.0000    
   10.000  0.14400       0.0000    
   10.200  0.14117       0.0000    
   10.400  0.13846       0.0000    
   10.600  0.13585       0.0000    
   10.800  0.13333       0.0000    
   11.000  0.13091       0.0000    
   11.200  0.12857       0.0000    
   11.400  0.12631       0.0000    
   11.600  0.12413       0.0000    
   11.800  0.12203       0.0000    
   12.000  0.12000       0.0000    
   12.200  0.11803       0.0000    
   12.400  0.11613       0.0000    
   12.600  0.11428       0.0000    
   12.800  0.11250       0.0000    
   13.000  0.11077       0.0000    
   13.200  0.10909       0.0000    
   13.400  0.10746       0.0000    
   13.600  0.10588       0.0000    
   13.800  0.10435       0.0000    
   14.000  0.10285       0.0000    
   14.200  0.10141       0.0000    
   14.400  9.99976E-02   0.0000    
   14.600  9.86278E-02   0.0000    
   14.800  9.72949E-02   0.0000    
   15.000  9.59977E-02   0.0000    
   15.200  9.47345E-02   0.0000    
   15.400  9.35042E-02   0.0000    
   15.600  9.23055E-02   0.0000    
   15.800  9.11370E-02   0.0000    
   16.000  8.99978E-02   0.0000    
   16.200  8.88867E-02   0.0000    
   16.400  8.78028E-02   0.0000    
   16.600  8.67449E-02   0.0000    
   16.800  8.57122E-02   0.0000    
   17.000  8.47038E-02   0.0000    
   17.200  8.37189E-02   0.0000    
   17.400  8.27566E-02   0.0000    
   17.600  8.18162E-02   0.0000    
   17.800  8.08969E-02   0.0000    
   18.000  7.99981E-02   0.0000    
   18.200  7.91190E-02   0.0000    
   18.400  7.82590E-02   0.0000    
   18.600  7.74175E-02   0.0000    
   18.800  7.65939E-02   0.0000    
   19.000  7.57876E-02   0.0000    
   19.200  7.49982E-02   0.0000    
   19.400  7.42250E-02   0.0000    
   19.600  7.34676E-02   0.0000    
   19.800  7.27255E-02   0.0000    
   20.000  7.19983E-02   0.0000    
   20.200  7.12854E-02   0.0000    
   20.400  7.05865E-02   0.0000    
   20.600  6.99012E-02   0.0000    
   20.800  6.92291E-02   0.0000    
   21.000  6.85698E-02   0.0000    
   21.200  6.79229E-02   0.0000    
   21.400  6.72881E-02   0.0000    
   21.600  6.66651E-02   0.0000    
   21.800  6.60534E-02   0.0000    
   22.000  6.54530E-02   0.0000    
   22.200  6.48633E-02   0.0000    
   22.400  6.42842E-02   0.0000    
   22.600  6.37153E-02   0.0000    
   22.800  6.31564E-02   0.0000    
   23.000  6.26072E-02   0.0000    
   23.200  6.20675E-02   0.0000    
   23.400  6.15370E-02   0.0000    
   23.600  6.10155E-02   0.0000    
   23.800  6.05027E-02   0.0000    
   24.000  5.99985E-02   0.0000    
   24.200  5.95027E-02   0.0000    
   24.400  5.90150E-02   0.0000    
   24.600  5.85352E-02   0.0000    
   24.800  5.80631E-02   0.0000    
   25.000  5.75986E-02   0.0000    
   25.200  5.71415E-02   0.0000    
   25.400  5.66915E-02   0.0000    
   25.600  5.62486E-02   0.0000    
   25.800  5.58126E-02   0.0000    
   26.000  5.53833E-02   0.0000    
   26.200  5.49605E-02   0.0000    
   26.400  5.45441E-02   0.0000    
   26.600  5.41340E-02   0.0000    
   26.800  5.37300E-02   0.0000    
   27.000  5.33320E-02   0.0000    
   27.200  5.29399E-02   0.0000    
   27.400  5.25535E-02   0.0000    
   27.600  5.21727E-02   0.0000    
   27.800  5.17973E-02   0.0000    
   28.000  5.14273E-02   0.0000    
   28.200  5.10626E-02   0.0000    
   28.400  5.07030E-02   0.0000    
   28.600  5.03484E-02   0.0000    
   28.800  4.99988E-02   0.0000    
   29.000  4.96540E-02   0.0000    
   29.200  4.93139E-02   0.0000    
   29.400  4.89784E-02   0.0000    
   29.600  4.86475E-02   0.0000    
   29.800  4.83210E-02   0.0000    
   30.000  4.79988E-02   0.0000    
   30.200  4.76810E-02   0.0000    
   30.400  4.73673E-02   0.0000    
   30.600  4.70577E-02   0.0000    
   30.800  4.67521E-02   0.0000    
   31.000  4.64505E-02   0.0000    
   31.200  4.61527E-02   0.0000    
   31.400  4.58588E-02   0.0000    
   31.600  4.55685E-02   0.0000    
   31.800  4.52819E-02   0.0000    
   32.000  4.49989E-02   0.0000    
   32.200  4.47194E-02   0.0000    
   32.400  4.44434E-02   0.0000    
   32.600  4.41707E-02   0.0000    
   32.800  4.39014E-02   0.0000    
   33.000  4.36353E-02   0.0000    
   33.200  4.33724E-02   0.0000    
   33.400  4.31127E-02   0.0000    
   33.600  4.28561E-02   0.0000    
   33.800  4.26025E-02   0.0000    
   34.000  4.23519E-02   0.0000    
   34.200  4.21042E-02   0.0000    
   34.400  4.18595E-02   0.0000    
   34.600  4.16175E-02   0.0000    
   34.800  4.13783E-02   0.0000    
   35.000  4.11419E-02   0.0000    
   35.200  4.09081E-02   0.0000    
   35.400  4.06770E-02   0.0000    
   35.600  4.04485E-02   0.0000    
   35.800  4.02225E-02   0.0000    
   36.000  3.99990E-02   0.0000    
   36.200  3.97780E-02   0.0000    
   36.400  3.95595E-02   0.0000    
   36.600  3.93433E-02   0.0000    
   36.800  3.91295E-02   0.0000    
   37.000  3.89180E-02   0.0000    
   37.200  3.87087E-02   0.0000    
   37.400  3.85017E-02   0.0000    
   37.600  3.82969E-02   0.0000    
   37.800  3.80943E-02   0.0000    
   38.000  3.78938E-02   0.0000    
   38.200  3.76954E-02   0.0000    
   38.400  3.74991E-02   0.0000    
   38.600  3.73048E-02   0.0000    
   38.800  3.71125E-02   0.0000    
   39.000  3.69222E-02   0.0000    
   39.200  3.67338E-02   0.0000    
   39.400  3.65473E-02   0.0000    
   39.600  3.63628E-02   0.0000    
   39.800  3.61800E-02   0.0000    
   40.000  3.59991E-02   0.0000    
 &
#    2 4001   20    1
# Optical potential KP=  1: type,multipole =  1  0
    0.000  -49.183     -0.99995    
    0.200  -49.149     -0.99993    
    0.400  -49.102     -0.99991    
    0.600  -49.040     -0.99987    
    0.800  -48.957     -0.99983    
    1.000  -48.846     -0.99976    
    1.200  -48.698     -0.99967    
    1.400  -48.500     -0.99954    
    1.600  -48.237     -0.99936    
    1.800  -47.889     -0.99912    
    2.000  -47.429     -0.99879    
    2.200  -46.826     -0.99833    
    2.400  -46.041     -0.99769    
    2.600  -45.027     -0.99682    
    2.800  -43.735     -0.99561    
    3.000  -42.113     -0.99396    
    3.200  -40.116     -0.99167    
    3.400  -37.716     -0.98854    
    3.600  -34.913     -0.98425    
    3.800  -31.747     -0.97838    
    4.000  -28.302     -0.97039    
    4.200  -24.705     -0.95957    
    4.400  -21.105     -0.94503    
    4.600  -17.652     -0.92566    
    4.800  -14.475     -0.90018    
    5.000  -11.658     -0.86723    
    5.200  -9.2444     -0.82550    
    5.400  -7.2342     -0.77408    
    5.600  -5.5999     -0.71278    
    5.800  -4.2972     -0.64253    
    6.000  -3.2747     -0.56556    
    6.200  -2.4822     -0.48530    
    6.400  -1.8736     -0.40579    
    6.600  -1.4098     -0.33093    
    6.800  -1.0582     -0.26375    
    7.000 -0.79282     -0.20601    
    7.200 -0.59320     -0.15820    
    7.400 -0.44337     -0.11980    
    7.600 -0.33113     -8.97355E-02
    7.800 -0.24716     -6.66423E-02
    8.000 -0.18441     -4.91710E-02
    8.200 -0.13754     -3.61029E-02
    8.400 -0.10256     -2.64114E-02
    8.600 -7.64606E-02 -1.92695E-02
    8.800 -5.69962E-02 -1.40310E-02
    9.000 -4.24825E-02 -1.02018E-02
    9.200 -3.16623E-02 -7.40980E-03
    9.400 -2.35966E-02 -5.37774E-03
    9.600 -1.75849E-02 -3.90076E-03
    9.800 -1.31043E-02 -2.82827E-03
   10.000 -9.76519E-03 -2.05005E-03
   10.200 -7.27678E-03 -1.48565E-03
   10.400 -5.42241E-03 -1.07646E-03
   10.600 -4.04055E-03 -7.79889E-04
   10.800 -3.01083E-03 -5.64978E-04
   11.000 -2.24352E-03 -4.09264E-04
   11.200 -1.67175E-03 -2.96454E-04
   11.400 -1.24569E-03 -2.14733E-04
   11.600 -9.28219E-04 -1.55535E-04
   11.800 -6.91654E-04 -1.12656E-04
   12.000 -5.15379E-04 -8.15964E-05
   12.200 -3.84029E-04 -5.90998E-05
   12.400 -2.86155E-04 -4.28054E-05
   12.600 -2.13225E-04 -3.10033E-05
   12.800 -1.58882E-04 -2.24552E-05
   13.000 -1.18389E-04 -1.62639E-05
   13.200 -8.82164E-05 -1.17796E-05
   13.400 -6.57334E-05 -8.53175E-06
   13.600 -4.89804E-05 -6.17937E-06
   13.800 -3.64972E-05 -4.47558E-06
   14.000 -2.71954E-05 -3.24157E-06
   14.200 -2.02643E-05 -2.34780E-06
   14.400 -1.50997E-05 -1.70046E-06
   14.600 -1.12514E-05 -1.23160E-06
   14.800 -8.38381E-06 -8.92024E-07
   15.000 -6.24710E-06 -6.46073E-07
   15.200 -4.65495E-06 -4.67936E-07
   15.400 -3.46858E-06 -3.38916E-07
   15.600 -2.58457E-06 -2.45469E-07
   15.800 -1.92586E-06 -1.77788E-07
   16.000 -1.43503E-06 -1.28768E-07
   16.200 -1.06929E-06 -9.32635E-08
   16.400 -7.96771E-07 -6.75487E-08
   16.600 -5.93704E-07 -4.89240E-08
   16.800 -4.42391E-07 -3.54345E-08
   17.000 -3.29642E-07 -2.56644E-08
   17.200 -2.45629E-07 -1.85882E-08
   17.400 -1.83027E-07 -1.34630E-08
   17.600 -1.36380E-07 -9.75095E-09
   17.800 -1.01622E-07 -7.06239E-09
   18.000 -7.57225E-08 -5.11513E-09
   18.200 -5.64237E-08 -3.70478E-09
   18.400 -4.20434E-08 -2.68329E-09
   18.600 -3.13281E-08 -1.94344E-09
   18.800 -2.33438E-08 -1.40759E-09
   19.000 -1.73943E-08 -1.01949E-09
   19.200 -1.29612E-08 -7.38392E-10
   19.400 -9.65784E-09 -5.34801E-10
   19.600 -7.19642E-09 -3.87344E-10
   19.800 -5.36232E-09 -2.80545E-10
   20.000 -3.99567E-09 -2.03192E-10
   20.200 -2.97732E-09 -1.47168E-10
   20.400 -2.21852E-09 -1.06590E-10
   20.600 -1.65310E-09 -7.72008E-11
   20.800 -1.23179E-09 -5.59148E-11
   21.000 -9.17850E-10 -4.04979E-11
   21.200 -6.83925E-10 -2.93317E-11
   21.400 -5.09618E-10 -2.12443E-11
   21.600 -3.79735E-10 -1.53868E-11
   21.800 -2.82955E-10 -1.11443E-11
   22.000 -2.10840E-10 -8.07155E-12
   22.200 -1.57105E-10 -5.84604E-12
   22.400 -1.17065E-10 -4.23416E-12
   22.600 -8.72295E-11 -3.06671E-12
   22.800 -6.49980E-11 -2.22115E-12
   23.000 -4.84324E-11 -1.60873E-12
   23.200 -3.60888E-11 -1.16516E-12
   23.400 -2.68911E-11 -8.43902E-13
   23.600 -2.00376E-11 -6.11219E-13
   23.800 -1.49308E-11 -4.42692E-13
   24.000 -1.11255E-11 -3.20632E-13
   24.200 -8.29001E-12 -2.32227E-13
   24.400 -6.17720E-12 -1.68197E-13
   24.600 -4.60286E-12 -1.21821E-13
   24.800 -3.42976E-12 -8.82322E-14
   25.000 -2.55565E-12 -6.39046E-14
   25.200 -1.90431E-12 -4.62847E-14
   25.400 -1.41897E-12 -3.35229E-14
   25.600 -1.05733E-12 -2.42799E-14
   25.800 -7.87856E-13 -1.75854E-14
   26.000 -5.87061E-13 -1.27367E-14
   26.200 -4.37441E-13 -9.22491E-15
   26.400 -3.25954E-13 -6.68140E-15
   26.600 -2.42880E-13 -4.83918E-15
   26.800 -1.80979E-13 -3.50491E-15
   27.000 -1.34854E-13 -2.53853E-15
   27.200 -1.00485E-13 -1.83860E-15
   27.400 -7.48752E-14 -1.33166E-15
   27.600 -5.57924E-14 -9.64489E-16
   27.800 -4.15730E-14 -6.98558E-16
   28.000 -3.09776E-14 -5.05950E-16
   28.200 -2.30826E-14 -3.66448E-16
   28.400 -1.71997E-14 -2.65410E-16
   28.600 -1.28161E-14 -1.92230E-16
   28.800 -9.54978E-15 -1.39228E-16
   29.000 -7.11590E-15 -1.00840E-16
   29.200 -5.30232E-15 -7.30361E-17
   29.400 -3.95096E-15 -5.28984E-17
   29.600 -2.94401E-15 -3.83131E-17
   29.800 -2.19369E-15 -2.77493E-17
   30.000 -1.63460E-15 -2.00982E-17
   30.200 -1.21800E-15 -1.45567E-17
   30.400 -9.07580E-16 -1.05431E-17
   30.600 -6.76272E-16 -7.63611E-18
   30.800 -5.03916E-16 -5.53066E-18
   31.000 -3.75487E-16 -4.00574E-18
   31.200 -2.79789E-16 -2.90126E-18
   31.400 -2.08481E-16 -2.10132E-18
   31.600 -1.55347E-16 -1.52194E-18
   31.800 -1.15755E-16 -1.10231E-18
   32.000 -8.62535E-17 -7.98376E-19
   32.200 -6.42707E-17 -5.78246E-19
   32.400 -4.78905E-17 -4.18810E-19
   32.600 -3.56850E-17 -3.03335E-19
   32.800 -2.65902E-17 -2.19699E-19
   33.000 -1.98134E-17 -1.59123E-19
   33.200 -1.47637E-17 -1.15249E-19
   33.400 -1.10010E-17 -8.34723E-20
   33.600 -8.19725E-18 -6.04571E-20
   33.800 -6.10808E-18 -4.37877E-20
   34.000 -4.55136E-18 -3.17145E-20
   34.200 -3.39139E-18 -2.29701E-20
   34.400 -2.52705E-18 -1.66367E-20
   34.600 -1.88300E-18 -1.20496E-20
   34.800 -1.40309E-18 -8.72725E-21
   35.000 -1.04550E-18 -6.32095E-21
   35.200 -7.79040E-19 -4.57812E-21
   35.400 -5.80492E-19 -3.31583E-21
   35.600 -4.32546E-19 -2.40158E-21
   35.800 -3.22307E-19 -1.73941E-21
   36.000 -2.40163E-19 -1.25982E-21
   36.200 -1.78954E-19 -9.12457E-22
   36.400 -1.33346E-19 -6.60872E-22
   36.600 -9.93608E-20 -4.78655E-22
   36.800 -7.40374E-20 -3.46679E-22
   37.000 -5.51681E-20 -2.51092E-22
   37.200 -4.11078E-20 -1.81860E-22
   37.400 -3.06310E-20 -1.31717E-22
   37.600 -2.28243E-20 -9.53998E-23
   37.800 -1.70072E-20 -6.90959E-23
   38.000 -1.26727E-20 -5.00446E-23
   38.200 -9.44293E-21 -3.62462E-23
   38.400 -7.03628E-21 -2.62523E-23
   38.600 -5.24300E-21 -1.90140E-23
   38.800 -3.90675E-21 -1.37714E-23
   39.000 -2.91107E-21 -9.97430E-24
   39.200 -2.16915E-21 -7.22416E-24
   39.400 -1.61631E-21 -5.23230E-24
   39.600 -1.20438E-21 -3.78964E-24
   39.800 -8.97425E-22 -2.74475E-24
   40.000   0.0000       0.0000    
 &
#    3 4001   20    1
# Optical potential KP=  1: type,multipole =  2  0
    0.000   0.0000     -1.48226E-07
    0.200   0.0000     -3.00213E-07
    0.400   0.0000     -6.19147E-07
    0.600   0.0000     -1.27690E-06
    0.800   0.0000     -2.63344E-06
    1.000   0.0000     -5.43109E-06
    1.200   0.0000     -1.12009E-05
    1.400   0.0000     -2.31001E-05
    1.600   0.0000     -4.76406E-05
    1.800   0.0000     -9.82514E-05
    2.000   0.0000     -2.02627E-04
    2.200   0.0000     -4.17876E-04
    2.400   0.0000     -8.61754E-04
    2.600   0.0000     -1.77701E-03
    2.800   0.0000     -3.66381E-03
    3.000   0.0000     -7.55176E-03
    3.200   0.0000     -1.55560E-02
    3.400   0.0000     -3.20041E-02
    3.600   0.0000     -6.56739E-02
    3.800   0.0000     -0.13406    
    4.000   0.0000     -0.27070    
    4.200   0.0000     -0.53491    
    4.400   0.0000      -1.0128    
    4.600   0.0000      -1.7703    
    4.800   0.0000      -2.6958    
    5.000   0.0000      -3.3399    
    5.200   0.0000      -3.2143    
    5.400   0.0000      -2.4245    
    5.600   0.0000      -1.5177    
    5.800   0.0000     -0.84367    
    6.000   0.0000     -0.43865    
    6.200   0.0000     -0.22021    
    6.400   0.0000     -0.10861    
    6.600   0.0000     -5.31048E-02
    6.800   0.0000     -2.58540E-02
    7.000   0.0000     -1.25608E-02
    7.200   0.0000     -6.09632E-03
    7.400   0.0000     -2.95736E-03
    7.600   0.0000     -1.43429E-03
    7.800   0.0000     -6.95537E-04
    8.000   0.0000     -3.37271E-04
    8.200   0.0000     -1.63540E-04
    8.400   0.0000     -7.92987E-05
    8.600   0.0000     -3.84507E-05
    8.800   0.0000     -1.86441E-05
    9.000   0.0000     -9.04019E-06
    9.200   0.0000     -4.38342E-06
    9.400   0.0000     -2.12544E-06
    9.600   0.0000     -1.03059E-06
    9.800   0.0000     -4.99712E-07
   10.000   0.0000     -2.42301E-07
   10.200   0.0000     -1.17487E-07
   10.400   0.0000     -5.69675E-08
   10.600   0.0000     -2.76225E-08
   10.800   0.0000     -1.33936E-08
   11.000   0.0000     -6.49432E-09
   11.200   0.0000     -3.14897E-09
   11.400   0.0000     -1.52688E-09
   11.600   0.0000     -7.40356E-10
   11.800   0.0000     -3.58985E-10
   12.000   0.0000     -1.74065E-10
   12.200   0.0000     -8.44009E-11
   12.400   0.0000     -4.09244E-11
   12.600   0.0000     -1.98435E-11
   12.800   0.0000     -9.62174E-12
   13.000   0.0000     -4.66540E-12
   13.200   0.0000     -2.26217E-12
   13.400   0.0000     -1.09688E-12
   13.600   0.0000     -5.31858E-13
   13.800   0.0000     -2.57888E-13
   14.000   0.0000     -1.25045E-13
   14.200   0.0000     -6.06321E-14
   14.400   0.0000     -2.93994E-14
   14.600   0.0000     -1.42552E-14
   14.800   0.0000     -6.91209E-15
   15.000   0.0000     -3.35154E-15
   15.200   0.0000     -1.62510E-15
   15.400   0.0000     -7.87982E-16
   15.600   0.0000     -3.82078E-16
   15.800   0.0000     -1.85262E-16
   16.000   0.0000     -8.98303E-17
   16.200   0.0000     -4.35570E-17
   16.400   0.0000     -2.11200E-17
   16.600   0.0000     -1.02407E-17
   16.800   0.0000     -4.96552E-18
   17.000   0.0000     -2.40769E-18
   17.200   0.0000     -1.16744E-18
   17.400   0.0000     -5.66072E-19
   17.600   0.0000     -2.74478E-19
   17.800   0.0000     -1.33089E-19
   18.000   0.0000     -6.45325E-20
   18.200   0.0000     -3.12906E-20
   18.400   0.0000     -1.51722E-20
   18.600   0.0000     -7.35674E-21
   18.800   0.0000     -3.56715E-21
   19.000   0.0000     -1.72964E-21
   19.200   0.0000     -8.38672E-22
   19.400   0.0000     -4.06656E-22
   19.600   0.0000     -1.97180E-22
   19.800   0.0000     -9.56090E-23
   20.000   0.0000     -4.63590E-23
   20.200   0.0000     -2.24786E-23
   20.400   0.0000     -1.08995E-23
   20.600   0.0000     -5.28495E-24
   20.800   0.0000     -2.56257E-24
   21.000   0.0000     -1.24254E-24
   21.200   0.0000     -6.02487E-25
   21.400   0.0000     -2.92135E-25
   21.600   0.0000     -1.41651E-25
   21.800   0.0000     -6.86838E-26
   22.000   0.0000     -3.33035E-26
   22.200   0.0000     -1.61483E-26
   22.400   0.0000     -7.82999E-27
   22.600   0.0000     -3.79662E-27
   22.800   0.0000     -1.84091E-27
   23.000   0.0000     -8.92622E-28
   23.200   0.0000     -4.32816E-28
   23.400   0.0000     -2.09864E-28
   23.600   0.0000     -1.01759E-28
   23.800   0.0000     -4.93412E-29
   24.000   0.0000     -2.39247E-29
   24.200   0.0000     -1.16006E-29
   24.400   0.0000     -5.62493E-30
   24.600   0.0000     -2.72742E-30
   24.800   0.0000     -1.32248E-30
   25.000   0.0000     -6.41244E-31
   25.200   0.0000     -3.10927E-31
   25.400   0.0000     -1.50763E-31
   25.600   0.0000     -7.31022E-32
   25.800   0.0000     -3.63693E-32
   26.000   0.0000     -3.63693E-32
   26.200   0.0000     -3.63693E-32
   26.400   0.0000     -3.63693E-32
   26.600   0.0000     -3.63693E-32
   26.800   0.0000     -3.63693E-32
   27.000   0.0000     -3.63693E-32
   27.200   0.0000     -3.63693E-32
   27.400   0.0000     -3.63693E-32
   27.600   0.0000     -3.63693E-32
   27.800   0.0000     -3.63693E-32
   28.000   0.0000     -3.63693E-32
   28.200   0.0000     -3.63693E-32
   28.400   0.0000     -3.63693E-32
   28.600   0.0000     -3.63693E-32
   28.800   0.0000     -3.63693E-32
   29.000   0.0000     -3.63693E-32
   29.200   0.0000     -3.63693E-32
   29.400   0.0000     -3.63693E-32
   29.600   0.0000     -3.63693E-32
   29.800   0.0000     -3.63693E-32
   30.000   0.0000     -3.63693E-32
   30.200   0.0000     -3.63693E-32
   30.400   0.0000     -3.63693E-32
   30.600   0.0000     -3.63693E-32
   30.800   0.0000     -3.63693E-32
   31.000   0.0000     -3.63693E-32
   31.200   0.0000     -3.63693E-32
   31.400   0.0000     -3.63693E-32
   31.600   0.0000     -3.63693E-32
   31.800   0.0000     -3.63693E-32
   32.000   0.0000     -3.63693E-32
   32.200   0.0000     -3.63693E-32
   32.400   0.0000     -3.63693E-32
   32.600   0.0000     -3.63693E-32
   32.800   0.0000     -3.63693E-32
   33.000   0.0000     -3.63693E-32
   33.200   0.0000     -3.63693E-32
   33.400   0.0000     -3.63693E-32
   33.600   0.0000     -3.63693E-32
   33.800   0.0000     -3.63693E-32
   34.000   0.0000     -3.63693E-32
   34.200   0.0000     -3.63693E-32
   34.400   0.0000     -3.63693E-32
   34.600   0.0000     -3.63693E-32
   34.800   0.0000     -3.63693E-32
   35.000   0.0000     -3.63693E-32
   35.200   0.0000     -3.63693E-32
   35.400   0.0000     -3.63693E-32
   35.600   0.0000     -3.63693E-32
   35.800   0.0000     -3.63693E-32
   36.000   0.0000     -3.63693E-32
   36.200   0.0000     -3.63693E-32
   36.400   0.0000     -3.63693E-32
   36.600   0.0000     -3.63693E-32
   36.800   0.0000     -3.63693E-32
   37.000   0.0000     -3.63693E-32
   37.200   0.0000     -3.63693E-32
   37.400   0.0000     -3.63693E-32
   37.600   0.0000     -3.63693E-32
   37.800   0.0000     -3.63693E-32
   38.000   0.0000     -3.63693E-32
   38.200   0.0000     -3.63693E-32
   38.400   0.0000     -3.63693E-32
   38.600   0.0000     -3.63693E-32
   38.800   0.0000     -3.63693E-32
   39.000   0.0000     -3.63693E-32
   39.200   0.0000     -3.63693E-32
   39.400   0.0000     -3.63693E-32
   39.600   0.0000     -3.63693E-32
   39.800   0.0000     -3.63693E-32
   40.000   0.0000     -3.63693E-32
 &
#    4 4001   20    1
# Optical potential KP=  1: type,multipole =  3  0
    0.000 -0.20666       0.0000    
    0.200 -7.07592E-03   0.0000    
    0.400 -4.88457E-03   0.0000    
    0.600 -4.49572E-03   0.0000    
    0.800 -4.65494E-03   0.0000    
    1.000 -5.14092E-03   0.0000    
    1.200 -5.91391E-03   0.0000    
    1.400 -6.99702E-03   0.0000    
    1.600 -8.45014E-03   0.0000    
    1.800 -1.03656E-02   0.0000    
    2.000 -1.28719E-02   0.0000    
    2.200 -1.61416E-02   0.0000    
    2.400 -2.04033E-02   0.0000    
    2.600 -2.59580E-02   0.0000    
    2.800 -3.31994E-02   0.0000    
    3.000 -4.26396E-02   0.0000    
    3.200 -5.49393E-02   0.0000    
    3.400 -7.09414E-02   0.0000    
    3.600 -9.17044E-02   0.0000    
    3.800 -0.11853       0.0000    
    4.000 -0.15294       0.0000    
    4.200 -0.19664       0.0000    
    4.400 -0.25136       0.0000    
    4.600 -0.31850       0.0000    
    4.800 -0.39854       0.0000    
    5.000 -0.49029       0.0000    
    5.200 -0.58977       0.0000    
    5.400 -0.68948       0.0000    
    5.600 -0.77833       0.0000    
    5.800 -0.84312       0.0000    
    6.000 -0.87184       0.0000    
    6.200 -0.85774       0.0000    
    6.400 -0.80213       0.0000    
    6.600 -0.71425       0.0000    
    6.800 -0.60799       0.0000    
    7.000 -0.49750       0.0000    
    7.200 -0.39378       0.0000    
    7.400 -0.30339       0.0000    
    7.600 -0.22882       0.0000    
    7.800 -0.16978       0.0000    
    8.000 -0.12442       0.0000    
    8.200 -9.03527E-02   0.0000    
    8.400 -6.51734E-02   0.0000    
    8.600 -4.67848E-02   0.0000    
    8.800 -3.34698E-02   0.0000    
    9.000 -2.38872E-02   0.0000    
    9.200 -1.70204E-02   0.0000    
    9.400 -1.21147E-02   0.0000    
    9.600 -8.61713E-03   0.0000    
    9.800 -6.12700E-03   0.0000    
   10.000 -4.35568E-03   0.0000    
   10.200 -3.09637E-03   0.0000    
   10.400 -2.20130E-03   0.0000    
   10.600 -1.56520E-03   0.0000    
   10.800 -1.11313E-03   0.0000    
   11.000 -7.91800E-04   0.0000    
   11.200 -5.63369E-04   0.0000    
   11.400 -4.00943E-04   0.0000    
   11.600 -2.85421E-04   0.0000    
   11.800 -2.03238E-04   0.0000    
   12.000 -1.44756E-04   0.0000    
   12.200 -1.03129E-04   0.0000    
   12.400 -7.34920E-05   0.0000    
   12.600 -5.23849E-05   0.0000    
   12.800 -3.73490E-05   0.0000    
   13.000 -2.66352E-05   0.0000    
   13.200 -1.89992E-05   0.0000    
   13.400 -1.35554E-05   0.0000    
   13.600 -9.67352E-06   0.0000    
   13.800 -6.90480E-06   0.0000    
   14.000 -4.92956E-06   0.0000    
   14.200 -3.52009E-06   0.0000    
   14.400 -2.51411E-06   0.0000    
   14.600 -1.79597E-06   0.0000    
   14.800 -1.28321E-06   0.0000    
   15.000 -9.17006E-07   0.0000    
   15.200 -6.55428E-07   0.0000    
   15.400 -4.68547E-07   0.0000    
   15.600 -3.35007E-07   0.0000    
   15.800 -2.39567E-07   0.0000    
   16.000 -1.71344E-07   0.0000    
   16.200 -1.22569E-07   0.0000    
   16.400 -8.76910E-08   0.0000    
   16.600 -6.27474E-08   0.0000    
   16.800 -4.49055E-08   0.0000    
   17.000 -3.21414E-08   0.0000    
   17.200 -2.30086E-08   0.0000    
   17.400 -1.64731E-08   0.0000    
   17.600 -1.17955E-08   0.0000    
   17.800 -8.44723E-09   0.0000    
   18.000 -6.05016E-09   0.0000    
   18.200 -4.33384E-09   0.0000    
   18.400 -3.10478E-09   0.0000    
   18.600 -2.22455E-09   0.0000    
   18.800 -1.59405E-09   0.0000    
   19.000 -1.14238E-09   0.0000    
   19.200 -8.18781E-10   0.0000    
   19.400 -5.86911E-10   0.0000    
   19.600 -4.20749E-10   0.0000    
   19.800 -3.01661E-10   0.0000    
   20.000 -2.16301E-10   0.0000    
   20.200 -1.55111E-10   0.0000    
   20.400 -1.11242E-10   0.0000    
   20.600 -7.97879E-11   0.0000    
   20.800 -5.72329E-11   0.0000    
   21.000 -4.10577E-11   0.0000    
   21.200 -2.94567E-11   0.0000    
   21.400 -2.11354E-11   0.0000    
   21.600 -1.51662E-11   0.0000    
   21.800 -1.08837E-11   0.0000    
   22.000 -7.81118E-12   0.0000    
   22.200 -5.60649E-12   0.0000    
   22.400 -4.02440E-12   0.0000    
   22.600 -2.88899E-12   0.0000    
   22.800 -2.07407E-12   0.0000    
   23.000 -1.48914E-12   0.0000    
   23.200 -1.06926E-12   0.0000    
   23.400 -7.67818E-13   0.0000    
   23.600 -5.51401E-13   0.0000    
   23.800 -3.96011E-13   0.0000    
   24.000 -2.84432E-13   0.0000    
   24.200 -2.04305E-13   0.0000    
   24.400 -1.46761E-13   0.0000    
   24.600 -1.05431E-13   0.0000    
   24.800 -7.57457E-14   0.0000    
   25.000 -5.44220E-14   0.0000    
   25.200 -3.91038E-14   0.0000    
   25.400 -2.80990E-14   0.0000    
   25.600 -2.01925E-14   0.0000    
   25.800 -1.45116E-14   0.0000    
   26.000 -1.04296E-14   0.0000    
   26.200 -7.49623E-15   0.0000    
   26.400 -5.38822E-15   0.0000    
   26.600 -3.87323E-15   0.0000    
   26.800 -2.78436E-15   0.0000    
   27.000 -2.00171E-15   0.0000    
   27.200 -1.43913E-15   0.0000    
   27.400 -1.03472E-15   0.0000    
   27.600 -7.43996E-16   0.0000    
   27.800 -5.34983E-16   0.0000    
   28.000 -3.84708E-16   0.0000    
   28.200 -2.76659E-16   0.0000    
   28.400 -1.98967E-16   0.0000    
   28.600 -1.43100E-16   0.0000    
   28.800 -1.02924E-16   0.0000    
   29.000 -7.40315E-17   0.0000    
   29.200 -5.32521E-17   0.0000    
   29.400 -3.83069E-17   0.0000    
   29.600 -2.75574E-17   0.0000    
   29.800 -1.98252E-17   0.0000    
   30.000 -1.42632E-17   0.0000    
   30.200 -1.02621E-17   0.0000    
   30.400 -7.38373E-18   0.0000    
   30.600 -5.31292E-18   0.0000    
   30.800 -3.82304E-18   0.0000    
   31.000 -2.75108E-18   0.0000    
   31.200 -1.97977E-18   0.0000    
   31.400 -1.42477E-18   0.0000    
   31.600 -1.02540E-18   0.0000    
   31.800 -7.38002E-19   0.0000    
   32.000 -5.31177E-19   0.0000    
   32.200 -3.82330E-19   0.0000    
   32.400 -2.75204E-19   0.0000    
   32.600 -1.98101E-19   0.0000    
   32.800 -1.42605E-19   0.0000    
   33.000 -1.02660E-19   0.0000    
   33.200 -7.39063E-20   0.0000    
   33.400 -5.32082E-20   0.0000    
   33.600 -3.83081E-20   0.0000    
   33.800 -2.75815E-20   0.0000    
   34.000 -1.98592E-20   0.0000    
   34.200 -1.42994E-20   0.0000    
   34.400 -1.02965E-20   0.0000    
   34.600 -7.41444E-21   0.0000    
   34.800 -5.33925E-21   0.0000    
   35.000 -3.84500E-21   0.0000    
   35.200 -2.76903E-21   0.0000    
   35.400 -1.99421E-21   0.0000    
   35.600 -1.43625E-21   0.0000    
   35.800 -1.03443E-21   0.0000    
   36.000 -7.45053E-22   0.0000    
   36.200 -5.36644E-22   0.0000    
   36.400 -3.86544E-22   0.0000    
   36.600 -2.78435E-22   0.0000    
   36.800 -2.00568E-22   0.0000    
   37.000 -1.44482E-22   0.0000    
   37.200 -1.04082E-22   0.0000    
   37.400 -7.49813E-23   0.0000    
   37.600 -5.40184E-23   0.0000    
   37.800 -3.89173E-23   0.0000    
   38.000 -2.80386E-23   0.0000    
   38.200 -2.02014E-23   0.0000    
   38.400 -1.45552E-23   0.0000    
   38.600 -1.04874E-23   0.0000    
   38.800 -7.55663E-24   0.0000    
   39.000 -5.44503E-24   0.0000    
   39.200 -3.92359E-24   0.0000    
   39.400 -2.82734E-24   0.0000    
   39.600 -2.03744E-24   0.0000    
   39.800 -1.46826E-24   0.0000    
   40.000 -1.05811E-24   0.0000    
 &
#    0    0    0    0
#    0.5  1    1 : J,pi,NCH
##   1 LJ:    0   0.5   0.5   0.0   1   1
#    1    1    2
#    2  1.000000E+00  0.000000E+00
#    3  1.000000E+00  0.000000E+00
#    0.0  0    0 : J,pi,NCH
#    0.5 -1    1 : J,pi,NCH
##   1 LJ:    1   0.5   0.5   0.0   1   1
#    1    1    3
#    2  1.000000E+00  0.000000E+00
#    3  1.000000E+00  0.000000E+00
#    4 -2.000000E+00  0.000000E+00
#    0.0  0    0 : J,pi,NCH
#    1.5  1    1 : J,pi,NCH
##   1 LJ:    2   1.5   0.5   0.0   1   1
#    1    1    3
#    2  1.000000E+00  0.000000E+00
#    3  1.000000E+00  0.000000E+00
#    4 -3.000000E+00  0.000000E+00
#    0.0  0    0 : J,pi,NCH
#    1.5 -1    1 : J,pi,NCH
##   1 LJ:    1   1.5   0.5   0.0   1   1
#    1    1    3
#    2  1.000000E+00  0.000000E+00
#    3  1.000000E+00  0.000000E+00
#    4  1.000000E+00  0.000000E+00
#    0.0  0    0 : J,pi,NCH
#    2.5  1    1 : J,pi,NCH
##   1 LJ:    2   2.5   0.5   0.0   1   1
#    1    1    3
#    2  1.000000E+00  0.000000E+00
#    3  1.000000E+00  0.000000E+00
#    4  2.000000E+00  0.000000E+00
#    0.0  0    0 : J,pi,NCH
#    2.5 -1    1 : J,pi,NCH
##   1 LJ:    3   2.5   0.5   0.0   1   1
#    1    1    3
#    2  1.000000E+00  0.000000E+00
#    3  1.000000E+00  0.000000E+00
#    4 -4.000000E+00  0.000000E+00
#    0.0  0    0 : J,pi,NCH
#    3.5  1    1 : J,pi,NCH
##   1 LJ:    4   3.5   0.5   0.0   1   1
#    1    1    3
#    2  1.000000E+00  0.000000E+00
#    3  1.000000E+00  0.000000E+00
#    4 -5.000000E+00  0.000000E+00
#    0.0  0    0 : J,pi,NCH
#    3.5 -1    1 : J,pi,NCH
##   1 LJ:    3   3.5   0.5   0.0   1   1
#    1    1    3
#    2  1.000000E+00  0.000000E+00
#    3  1.000000E+00  0.000000E+00
#    4  3.000000E+00  0.000000E+00
#    0.0  0    0 : J,pi,NCH
#    4.5  1    1 : J,pi,NCH
##   1 LJ:    4   4.5   0.5   0.0   1   1
#    1    1    3
#    2  1.000000E+00  0.000000E+00
#    3  1.000000E+00  0.000000E+00
#    4  4.000000E+00  0.000000E+00
#    0.0  0    0 : J,pi,NCH
#    4.5 -1    1 : J,pi,NCH
##   1 LJ:    5   4.5   0.5   0.0   1   1
#    1    1    3
#    2  1.000000E+00  0.000000E+00
#    3  1.000000E+00  0.000000E+00
#    4 -6.000000E+00  0.000000E+00
#    0.0  0    0 : J,pi,NCH
#    5.5  1    1 : J,pi,NCH
##   1 LJ:    6   5.5   0.5   0.0   1   1
#    1    1    3
#    2  1.000000E+00  0.000000E+00
#    3  1.000000E+00  0.000000E+00
#    4 -7.000000E+00  0.000000E+00
#    0.0  0    0 : J,pi,NCH
#    5.5 -1    1 : J,pi,NCH
##   1 LJ:    5   5.5   0.5   0.0   1   1
#    1    1    3
#    2  1.000000E+00  0.000000E+00
#    3  1.000000E+00  0.000000E+00
#    4  5.000000E+00  0.000000E+00
#    0.0  0    0 : J,pi,NCH
#    6.5  1    1 : J,pi,NCH
##   1 LJ:    6   6.5   0.5   0.0   1   1
#    1    1    3
#    2  1.000000E+00  0.000000E+00
#    3  1.000000E+00  0.000000E+00
#    4  6.000000E+00  0.000000E+00
#    0.0  0    0 : J,pi,NCH
#    6.5 -1    1 : J,pi,NCH
##   1 LJ:    7   6.5   0.5   0.0   1   1
#    1    1    3
#    2  1.000000E+00  0.000000E+00
#    3  1.000000E+00  0.000000E+00
#    4 -8.000000E+00  0.000000E+00
#    0.0  0    0 : J,pi,NCH
#    7.5  1    1 : J,pi,NCH
##   1 LJ:    8   7.5   0.5   0.0   1   1
#    1    1    3
#    2  1.000000E+00  0.000000E+00
#    3  1.000000E+00  0.000000E+00
#    4 -9.000000E+00  0.000000E+00
#    0.0  0    0 : J,pi,NCH
#    7.5 -1    1 : J,pi,NCH
##   1 LJ:    7   7.5   0.5   0.0   1   1
#    1    1    3
#    2  1.000000E+00  0.000000E+00
#    3  1.000000E+00  0.000000E+00
#    4  7.000000E+00  0.000000E+00
#    0.0  0    0 : J,pi,NCH
#    8.5  1    1 : J,pi,NCH
##   1 LJ:    8   8.5   0.5   0.0   1   1
#    1    1    3
#    2  1.000000E+00  0.000000E+00
#    3  1.000000E+00  0.000000E+00
#    4  8.000000E+00  0.000000E+00
#    0.0  0    0 : J,pi,NCH
#    8.5 -1    1 : J,pi,NCH
##   1 LJ:    9   8.5   0.5   0.0   1   1
#    1    1    3
#    2  1.000000E+00  0.000000E+00
#    3  1.000000E+00  0.000000E+00
#    4 -1.000000E+01  0.000000E+00
#    0.0  0    0 : J,pi,NCH
#    9.5  1    1 : J,pi,NCH
##   1 LJ:   10   9.5   0.5   0.0   1   1
#    1    1    3
#    2  1.000000E+00  0.000000E+00
#    3  1.000000E+00  0.000000E+00
#    4 -1.100000E+01  0.000000E+00
#    0.0  0    0 : J,pi,NCH
#    9.5 -1    1 : J,pi,NCH
##   1 LJ:    9   9.5   0.5   0.0   1   1
#    1    1    3
#    2  1.000000E+00  0.000000E+00
#    3  1.000000E+00  0.000000E+00
#    4  9.000000E+00  0.000000E+00
#    0.0  0    0 : J,pi,NCH
#   10.5  1    1 : J,pi,NCH
##   1 LJ:   10  10.5   0.5   0.0   1   1
#    1    1    3
#    2  1.000000E+00  0.000000E+00
#    3  1.000000E+00  0.000000E+00
#    4  1.000000E+01  0.000000E+00
#    0.0  0    0 : J,pi,NCH
#   10.5 -1    1 : J,pi,NCH
##   1 LJ:   11  10.5   0.5   0.0   1   1
#    1    1    3
#    2  1.000000E+00  0.000000E+00
#    3  1.000000E+00  0.000000E+00
#    4 -1.200000E+01  0.000000E+00
#    0.0  0    0 : J,pi,NCH
#   11.5  1    1 : J,pi,NCH
##   1 LJ:   12  11.5   0.5   0.0   1   1
#    1    1    3
#    2  1.000000E+00  0.000000E+00
#    3  1.000000E+00  0.000000E+00
#    4 -1.300000E+01  0.000000E+00
#    0.0  0    0 : J,pi,NCH
#   11.5 -1    1 : J,pi,NCH
##   1 LJ:   11  11.5   0.5   0.0   1   1
#    1    1    3
#    2  1.000000E+00  0.000000E+00
#    3  1.000000E+00  0.000000E+00
#    4  1.100000E+01  0.000000E+00
#    0.0  0    0 : J,pi,NCH
#   12.5  1    1 : J,pi,NCH
##   1 LJ:   12  12.5   0.5   0.0   1   1
#    1    1    3
#    2  1.000000E+00  0.000000E+00
#    3  1.000000E+00  0.000000E+00
#    4  1.200000E+01  0.000000E+00
#    0.0  0    0 : J,pi,NCH
#   12.5 -1    1 : J,pi,NCH
##   1 LJ:   13  12.5   0.5   0.0   1   1
#    1    1    3
#    2  1.000000E+00  0.000000E+00
#    3  1.000000E+00  0.000000E+00
#    4 -1.400000E+01  0.000000E+00
#    0.0  0    0 : J,pi,NCH
#   13.5  1    1 : J,pi,NCH
##   1 LJ:   14  13.5   0.5   0.0   1   1
#    1    1    3
#    2  1.000000E+00  0.000000E+00
#    3  1.000000E+00  0.000000E+00
#    4 -1.500000E+01  0.000000E+00
#    0.0  0    0 : J,pi,NCH
#   13.5 -1    1 : J,pi,NCH
##   1 LJ:   13  13.5   0.5   0.0   1   1
#    1    1    3
#    2  1.000000E+00  0.000000E+00
#    3  1.000000E+00  0.000000E+00
#    4  1.300000E+01  0.000000E+00
#    0.0  0    0 : J,pi,NCH
#   14.5  1    1 : J,pi,NCH
##   1 LJ:   14  14.5   0.5   0.0   1   1
#    1    1    3
#    2  1.000000E+00  0.000000E+00
#    3  1.000000E+00  0.000000E+00
#    4  1.400000E+01  0.000000E+00
#    0.0  0    0 : J,pi,NCH
#   14.5 -1    1 : J,pi,NCH
##   1 LJ:   15  14.5   0.5   0.0   1   1
#    1    1    3
#    2  1.000000E+00  0.000000E+00
#    3  1.000000E+00  0.000000E+00
#    4 -1.600000E+01  0.000000E+00
#    0.0  0    0 : J,pi,NCH
#   15.5  1    1 : J,pi,NCH
##   1 LJ:   16  15.5   0.5   0.0   1   1
#    1    1    3
#    2  1.000000E+00  0.000000E+00
#    3  1.000000E+00  0.000000E+00
#    4 -1.700000E+01  0.000000E+00
#    0.0  0    0 : J,pi,NCH
#   15.5 -1    1 : J,pi,NCH
##   1 LJ:   15  15.5   0.5   0.0   1   1
#    1    1    3
#    2  1.000000E+00  0.000000E+00
#    3  1.000000E+00  0.000000E+00
#    4  1.500000E+01  0.000000E+00
#    0.0  0    0 : J,pi,NCH
#   16.5  1    1 : J,pi,NCH
##   1 LJ:   16  16.5   0.5   0.0   1   1
#    1    1    3
#    2  1.000000E+00  0.000000E+00
#    3  1.000000E+00  0.000000E+00
#    4  1.600000E+01  0.000000E+00
#    0.0  0    0 : J,pi,NCH
#   16.5 -1    1 : J,pi,NCH
##   1 LJ:   17  16.5   0.5   0.0   1   1
#    1    1    3
#    2  1.000000E+00  0.000000E+00
#    3  1.000000E+00  0.000000E+00
#    4 -1.800000E+01  0.000000E+00
#    0.0  0    0 : J,pi,NCH
#   17.5  1    1 : J,pi,NCH
##   1 LJ:   18  17.5   0.5   0.0   1   1
#    1    1    3
#    2  1.000000E+00  0.000000E+00
#    3  1.000000E+00  0.000000E+00
#    4 -1.900000E+01  0.000000E+00
#    0.0  0    0 : J,pi,NCH
#   17.5 -1    1 : J,pi,NCH
##   1 LJ:   17  17.5   0.5   0.0   1   1
#    1    1    3
#    2  1.000000E+00  0.000000E+00
#    3  1.000000E+00  0.000000E+00
#    4  1.700000E+01  0.000000E+00
#    0.0  0    0 : J,pi,NCH
#   18.5  1    1 : J,pi,NCH
##   1 LJ:   18  18.5   0.5   0.0   1   1
#    1    1    3
#    2  1.000000E+00  0.000000E+00
#    3  1.000000E+00  0.000000E+00
#    4  1.800000E+01  0.000000E+00
#    0.0  0    0 : J,pi,NCH
#   18.5 -1    1 : J,pi,NCH
##   1 LJ:   19  18.5   0.5   0.0   1   1
#    1    1    3
#    2  1.000000E+00  0.000000E+00
#    3  1.000000E+00  0.000000E+00
#    4 -2.000000E+01  0.000000E+00
#    0.0  0    0 : J,pi,NCH
#   19.5  1    1 : J,pi,NCH
##   1 LJ:   20  19.5   0.5   0.0   1   1
#    1    1    3
#    2  1.000000E+00  0.000000E+00
#    3  1.000000E+00  0.000000E+00
#    4 -2.100000E+01  0.000000E+00
#    0.0  0    0 : J,pi,NCH
#   19.5 -1    1 : J,pi,NCH
##   1 LJ:   19  19.5   0.5   0.0   1   1
#    1    1    3
#    2  1.000000E+00  0.000000E+00
#    3  1.000000E+00  0.000000E+00
#    4  1.900000E+01  0.000000E+00
#    0.0  0    0 : J,pi,NCH
#   20.5  1    1 : J,pi,NCH
##   1 LJ:   20  20.5   0.5   0.0   1   1
#    1    1    3
#    2  1.000000E+00  0.000000E+00
#    3  1.000000E+00  0.000000E+00
#    4  2.000000E+01  0.000000E+00
#    0.0  0    0 : J,pi,NCH
#   20.5 -1    1 : J,pi,NCH
##   1 LJ:   21  20.5   0.5   0.0   1   1
#    1    1    3
#    2  1.000000E+00  0.000000E+00
#    3  1.000000E+00  0.000000E+00
#    4 -2.200000E+01  0.000000E+00
#    0.0  0    0 : J,pi,NCH
#   21.5  1    1 : J,pi,NCH
##   1 LJ:   22  21.5   0.5   0.0   1   1
#    1    1    3
#    2  1.000000E+00  0.000000E+00
#    3  1.000000E+00  0.000000E+00
#    4 -2.300000E+01  0.000000E+00
#    0.0  0    0 : J,pi,NCH
#   21.5 -1    1 : J,pi,NCH
##   1 LJ:   21  21.5   0.5   0.0   1   1
#    1    1    3
#    2  1.000000E+00  0.000000E+00
#    3  1.000000E+00  0.000000E+00
#    4  2.100000E+01  0.000000E+00
#    0.0  0    0 : J,pi,NCH
#   22.5  1    1 : J,pi,NCH
##   1 LJ:   22  22.5   0.5   0.0   1   1
#    1    1    3
#    2  1.000000E+00  0.000000E+00
#    3  1.000000E+00  0.000000E+00
#    4  2.200000E+01  0.000000E+00
#    0.0  0    0 : J,pi,NCH
#   22.5 -1    1 : J,pi,NCH
##   1 LJ:   23  22.5   0.5   0.0   1   1
#    1    1    3
#    2  1.000000E+00  0.000000E+00
#    3  1.000000E+00  0.000000E+00
#    4 -2.400000E+01  0.000000E+00
#    0.0  0    0 : J,pi,NCH
#   23.5  1    1 : J,pi,NCH
##   1 LJ:   24  23.5   0.5   0.0   1   1
#    1    1    3
#    2  1.000000E+00  0.000000E+00
#    3  1.000000E+00  0.000000E+00
#    4 -2.500000E+01  0.000000E+00
#    0.0  0    0 : J,pi,NCH
#   23.5 -1    1 : J,pi,NCH
##   1 LJ:   23  23.5   0.5   0.0   1   1
#    1    1    3
#    2  1.000000E+00  0.000000E+00
#    3  1.000000E+00  0.000000E+00
#    4  2.300000E+01  0.000000E+00
#    0.0  0    0 : J,pi,NCH
#   24.5  1    1 : J,pi,NCH
##   1 LJ:   24  24.5   0.5   0.0   1   1
#    1    1    3
#    2  1.000000E+00  0.000000E+00
#    3  1.000000E+00  0.000000E+00
#    4  2.400000E+01  0.000000E+00
#    0.0  0    0 : J,pi,NCH
#   24.5 -1    1 : J,pi,NCH
##   1 LJ:   25  24.5   0.5   0.0   1   1
#    1    1    3
#    2  1.000000E+00  0.000000E+00
#    3  1.000000E+00  0.000000E+00
#    4 -2.600000E+01  0.000000E+00
#    0.0  0    0 : J,pi,NCH
#   25.5  1    1 : J,pi,NCH
##   1 LJ:   26  25.5   0.5   0.0   1   1
#    1    1    3
#    2  1.000000E+00  0.000000E+00
#    3  1.000000E+00  0.000000E+00
#    4 -2.700000E+01  0.000000E+00
#    0.0  0    0 : J,pi,NCH
#   25.5 -1    1 : J,pi,NCH
##   1 LJ:   25  25.5   0.5   0.0   1   1
#    1    1    3
#    2  1.000000E+00  0.000000E+00
#    3  1.000000E+00  0.000000E+00
#    4  2.500000E+01  0.000000E+00
#    0.0  0    0 : J,pi,NCH
#   26.5  1    1 : J,pi,NCH
##   1 LJ:   26  26.5   0.5   0.0   1   1
#    1    1    3
#    2  1.000000E+00  0.000000E+00
#    3  1.000000E+00  0.000000E+00
#    4  2.600000E+01  0.000000E+00
#    0.0  0    0 : J,pi,NCH
#   26.5 -1    1 : J,pi,NCH
##   1 LJ:   27  26.5   0.5   0.0   1   1
#    1    1    3
#    2  1.000000E+00  0.000000E+00
#    3  1.000000E+00  0.000000E+00
#    4 -2.800000E+01  0.000000E+00
#    0.0  0    0 : J,pi,NCH
#   27.5  1    1 : J,pi,NCH
##   1 LJ:   28  27.5   0.5   0.0   1   1
#    1    1    3
#    2  1.000000E+00  0.000000E+00
#    3  1.000000E+00  0.000000E+00
#    4 -2.900000E+01  0.000000E+00
#    0.0  0    0 : J,pi,NCH
#   27.5 -1    1 : J,pi,NCH
##   1 LJ:   27  27.5   0.5   0.0   1   1
#    1    1    3
#    2  1.000000E+00  0.000000E+00
#    3  1.000000E+00  0.000000E+00
#    4  2.700000E+01  0.000000E+00
#    0.0  0    0 : J,pi,NCH
#   28.5  1    1 : J,pi,NCH
##   1 LJ:   28  28.5   0.5   0.0   1   1
#    1    1    3
#    2  1.000000E+00  0.000000E+00
#    3  1.000000E+00  0.000000E+00
#    4  2.800000E+01  0.000000E+00
#    0.0  0    0 : J,pi,NCH
#   28.5 -1    1 : J,pi,NCH
##   1 LJ:   29  28.5   0.5   0.0   1   1
#    1    1    3
#    2  1.000000E+00  0.000000E+00
#    3  1.000000E+00  0.000000E+00
#    4 -3.000000E+01  0.000000E+00
#    0.0  0    0 : J,pi,NCH
#   29.5  1    1 : J,pi,NCH
##   1 LJ:   30  29.5   0.5   0.0   1   1
#    1    1    3
#    2  1.000000E+00  0.000000E+00
#    3  1.000000E+00  0.000000E+00
#    4 -3.100000E+01  0.000000E+00
#    0.0  0    0 : J,pi,NCH
#   29.5 -1    1 : J,pi,NCH
##   1 LJ:   29  29.5   0.5   0.0   1   1
#    1    1    3
#    2  1.000000E+00  0.000000E+00
#    3  1.000000E+00  0.000000E+00
#    4  2.900000E+01  0.000000E+00
#    0.0  0    0 : J,pi,NCH
#   30.5  1    1 : J,pi,NCH
##   1 LJ:   30  30.5   0.5   0.0   1   1
#    1    1    3
#    2  1.000000E+00  0.000000E+00
#    3  1.000000E+00  0.000000E+00
#    4  3.000000E+01  0.000000E+00
#    0.0  0    0 : J,pi,NCH
#   30.5 -1    1 : J,pi,NCH
##   1 LJ:   31  30.5   0.5   0.0   1   1
#    1    1    3
#    2  1.000000E+00  0.000000E+00
#    3  1.000000E+00  0.000000E+00
#    4 -3.200000E+01  0.000000E+00
#    0.0  0    0 : J,pi,NCH
#   31.5  1    1 : J,pi,NCH
##   1 LJ:   32  31.5   0.5   0.0   1   1
#    1    1    3
#    2  1.000000E+00  0.000000E+00
#    3  1.000000E+00  0.000000E+00
#    4 -3.300000E+01  0.000000E+00
#    0.0  0    0 : J,pi,NCH
#   31.5 -1    1 : J,pi,NCH
##   1 LJ:   31  31.5   0.5   0.0   1   1
#    1    1    3
#    2  1.000000E+00  0.000000E+00
#    3  1.000000E+00  0.000000E+00
#    4  3.100000E+01  0.000000E+00
#    0.0  0    0 : J,pi,NCH
#   32.5  1    1 : J,pi,NCH
##   1 LJ:   32  32.5   0.5   0.0   1   1
#    1    1    3
#    2  1.000000E+00  0.000000E+00
#    3  1.000000E+00  0.000000E+00
#    4  3.200000E+01  0.000000E+00
#    0.0  0    0 : J,pi,NCH
#   32.5 -1    1 : J,pi,NCH
##   1 LJ:   33  32.5   0.5   0.0   1   1
#    1    1    3
#    2  1.000000E+00  0.000000E+00
#    3  1.000000E+00  0.000000E+00
#    4 -3.400000E+01  0.000000E+00
#    0.0  0    0 : J,pi,NCH
#   33.5  1    1 : J,pi,NCH
##   1 LJ:   34  33.5   0.5   0.0   1   1
#    1    1    3
#    2  1.000000E+00  0.000000E+00
#    3  1.000000E+00  0.000000E+00
#    4 -3.500000E+01  0.000000E+00
#    0.0  0    0 : J,pi,NCH
#   33.5 -1    1 : J,pi,NCH
##   1 LJ:   33  33.5   0.5   0.0   1   1
#    1    1    3
#    2  1.000000E+00  0.000000E+00
#    3  1.000000E+00  0.000000E+00
#    4  3.300000E+01  0.000000E+00
#    0.0  0    0 : J,pi,NCH
#   34.5  1    1 : J,pi,NCH
##   1 LJ:   34  34.5   0.5   0.0   1   1
#    1    1    3
#    2  1.000000E+00  0.000000E+00
#    3  1.000000E+00  0.000000E+00
#    4  3.400000E+01  0.000000E+00
#    0.0  0    0 : J,pi,NCH
#   34.5 -1    1 : J,pi,NCH
##   1 LJ:   35  34.5   0.5   0.0   1   1
#    1    1    3
#    2  1.000000E+00  0.000000E+00
#    3  1.000000E+00  0.000000E+00
#    4 -3.600000E+01  0.000000E+00
#    0.0  0    0 : J,pi,NCH
#   35.5  1    1 : J,pi,NCH
##   1 LJ:   36  35.5   0.5   0.0   1   1
#    1    1    3
#    2  1.000000E+00  0.000000E+00
#    3  1.000000E+00  0.000000E+00
#    4 -3.700000E+01  0.000000E+00
#    0.0  0    0 : J,pi,NCH
#   35.5 -1    1 : J,pi,NCH
##   1 LJ:   35  35.5   0.5   0.0   1   1
#    1    1    3
#    2  1.000000E+00  0.000000E+00
#    3  1.000000E+00  0.000000E+00
#    4  3.500000E+01  0.000000E+00
#    0.0  0    0 : J,pi,NCH
