# 401 angles,  1 tensor ranks for 0=projectile
@subtitle   "n14(f17,ne18)c13 @ 170 MeV;"                                                                                           
@legend ON
@legend x1 0.2
@legend y1 0.8
@g0 type LOGY
@             s0 legend        "Lab energy =  170.0000"
#             s0 legend        "Partition=  1 Excit=  1 near/far= 1"
#  Theta       sigma       iT11        T20         T21         T22         Kyy for projectile
 0.10000E-01  1.0000    
 0.10000      1.0000    
 0.20000     0.99910    
 0.30000      1.0013    
 0.40000      1.0025    
 0.50000     0.99626    
 0.60000     0.99193    
 0.70000     0.99621    
 0.80000      1.0068    
 0.90000      1.0170    
  1.0000      1.0210    
  1.1000      1.0164    
  1.2000      1.0044    
  1.3000     0.98826    
  1.4000     0.97210    
  1.5000     0.95946    
  1.6000     0.95275    
  1.7000     0.95304    
  1.8000     0.96015    
  1.9000     0.97295    
  2.0000     0.98971    
  2.1000      1.0085    
  2.2000      1.0273    
  2.3000      1.0446    
  2.4000      1.0591    
  2.5000      1.0700    
  2.6000      1.0770    
  2.7000      1.0802    
  2.8000      1.0799    
  2.9000      1.0769    
  3.0000      1.0718    
  3.1000      1.0656    
  3.2000      1.0591    
  3.3000      1.0529    
  3.4000      1.0477    
  3.5000      1.0439    
  3.6000      1.0417    
  3.7000      1.0413    
  3.8000      1.0425    
  3.9000      1.0450    
  4.0000      1.0485    
  4.1000      1.0526    
  4.2000      1.0566    
  4.3000      1.0601    
  4.4000      1.0624    
  4.5000      1.0632    
  4.6000      1.0618    
  4.7000      1.0579    
  4.8000      1.0513    
  4.9000      1.0416    
  5.0000      1.0288    
  5.1000      1.0129    
  5.2000     0.99392    
  5.3000     0.97210    
  5.4000     0.94770    
  5.5000     0.92106    
  5.6000     0.89257    
  5.7000     0.86267    
  5.8000     0.83183    
  5.9000     0.80055    
  6.0000     0.76929    
  6.1000     0.73852    
  6.2000     0.70870    
  6.3000     0.68020    
  6.4000     0.65340    
  6.5000     0.62859    
  6.6000     0.60602    
  6.7000     0.58586    
  6.8000     0.56822    
  6.9000     0.55315    
  7.0000     0.54063    
  7.1000     0.53060    
  7.2000     0.52292    
  7.3000     0.51740    
  7.4000     0.51382    
  7.5000     0.51193    
  7.6000     0.51143    
  7.7000     0.51202    
  7.8000     0.51337    
  7.9000     0.51516    
  8.0000     0.51706    
  8.1000     0.51878    
  8.2000     0.52002    
  8.3000     0.52050    
  8.4000     0.51999    
  8.5000     0.51829    
  8.6000     0.51521    
  8.7000     0.51064    
  8.8000     0.50449    
  8.9000     0.49669    
  9.0000     0.48726    
  9.1000     0.47621    
  9.2000     0.46362    
  9.3000     0.44960    
  9.4000     0.43428    
  9.5000     0.41782    
  9.6000     0.40042    
  9.7000     0.38228    
  9.8000     0.36363    
  9.9000     0.34469    
  10.000     0.32570    
  10.100     0.30691    
  10.200     0.28853    
  10.300     0.27079    
  10.400     0.25390    
  10.500     0.23804    
  10.600     0.22338    
  10.700     0.21007    
  10.800     0.19822    
  10.900     0.18793    
  11.000     0.17926    
  11.100     0.17224    
  11.200     0.16687    
  11.300     0.16313    
  11.400     0.16097    
  11.500     0.16030    
  11.600     0.16103    
  11.700     0.16303    
  11.800     0.16616    
  11.900     0.17025    
  12.000     0.17513    
  12.100     0.18063    
  12.200     0.18656    
  12.300     0.19273    
  12.400     0.19895    
  12.500     0.20504    
  12.600     0.21081    
  12.700     0.21612    
  12.800     0.22079    
  12.900     0.22471    
  13.000     0.22774    
  13.100     0.22980    
  13.200     0.23079    
  13.300     0.23067    
  13.400     0.22940    
  13.500     0.22695    
  13.600     0.22336    
  13.700     0.21863    
  13.800     0.21283    
  13.900     0.20602    
  14.000     0.19829    
  14.100     0.18974    
  14.200     0.18049    
  14.300     0.17065    
  14.400     0.16037    
  14.500     0.14979    
  14.600     0.13904    
  14.700     0.12828    
  14.800     0.11764    
  14.900     0.10726    
  15.000     0.97288E-01
  15.100     0.87832E-01
  15.200     0.79012E-01
  15.300     0.70927E-01
  15.400     0.63667E-01
  15.500     0.57305E-01
  15.600     0.51896E-01
  15.700     0.47484E-01
  15.800     0.44090E-01
  15.900     0.41724E-01
  16.000     0.40375E-01
  16.100     0.40018E-01
  16.200     0.40612E-01
  16.300     0.42103E-01
  16.400     0.44422E-01
  16.500     0.47489E-01
  16.600     0.51214E-01
  16.700     0.55498E-01
  16.800     0.60235E-01
  16.900     0.65316E-01
  17.000     0.70628E-01
  17.100     0.76056E-01
  17.200     0.81486E-01
  17.300     0.86810E-01
  17.400     0.91919E-01
  17.500     0.96715E-01
  17.600     0.10110    
  17.700     0.10500    
  17.800     0.10834    
  17.900     0.11105    
  18.000     0.11308    
  18.100     0.11440    
  18.200     0.11498    
  18.300     0.11480    
  18.400     0.11386    
  18.500     0.11219    
  18.600     0.10979    
  18.700     0.10672    
  18.800     0.10300    
  18.900     0.98704E-01
  19.000     0.93888E-01
  19.100     0.88624E-01
  19.200     0.82990E-01
  19.300     0.77066E-01
  19.400     0.70937E-01
  19.500     0.64690E-01
  19.600     0.58409E-01
  19.700     0.52182E-01
  19.800     0.46090E-01
  19.900     0.40214E-01
  20.000     0.34626E-01
  20.100     0.29397E-01
  20.200     0.24588E-01
  20.300     0.20252E-01
  20.400     0.16435E-01
  20.500     0.13175E-01
  20.600     0.10498E-01
  20.700     0.84233E-02
  20.800     0.69586E-02
  20.900     0.61032E-02
  21.000     0.58471E-02
  21.100     0.61713E-02
  21.200     0.70485E-02
  21.300     0.84437E-02
  21.400     0.10315E-01
  21.500     0.12614E-01
  21.600     0.15287E-01
  21.700     0.18276E-01
  21.800     0.21521E-01
  21.900     0.24956E-01
  22.000     0.28519E-01
  22.100     0.32143E-01
  22.200     0.35764E-01
  22.300     0.39319E-01
  22.400     0.42747E-01
  22.500     0.45994E-01
  22.600     0.49005E-01
  22.700     0.51733E-01
  22.800     0.54136E-01
  22.900     0.56179E-01
  23.000     0.57831E-01
  23.100     0.59070E-01
  23.200     0.59880E-01
  23.300     0.60252E-01
  23.400     0.60183E-01
  23.500     0.59680E-01
  23.600     0.58752E-01
  23.700     0.57417E-01
  23.800     0.55700E-01
  23.900     0.53627E-01
  24.000     0.51232E-01
  24.100     0.48554E-01
  24.200     0.45632E-01
  24.300     0.42509E-01
  24.400     0.39233E-01
  24.500     0.35849E-01
  24.600     0.32405E-01
  24.700     0.28947E-01
  24.800     0.25523E-01
  24.900     0.22177E-01
  25.000     0.18952E-01
  25.100     0.15887E-01
  25.200     0.13019E-01
  25.300     0.10380E-01
  25.400     0.80005E-02
  25.500     0.59034E-02
  25.600     0.41085E-02
  25.700     0.26307E-02
  25.800     0.14795E-02
  25.900     0.65988E-03
  26.000     0.17164E-03
  26.100     0.99161E-05
  26.200     0.16523E-03
  26.300     0.62379E-03
  26.400     0.13678E-02
  26.500     0.23758E-02
  26.600     0.36232E-02
  26.700     0.50825E-02
  26.800     0.67240E-02
  26.900     0.85159E-02
  27.000     0.10426E-01
  27.100     0.12419E-01
  27.200     0.14463E-01
  27.300     0.16523E-01
  27.400     0.18566E-01
  27.500     0.20560E-01
  27.600     0.22476E-01
  27.700     0.24284E-01
  27.800     0.25958E-01
  27.900     0.27476E-01
  28.000     0.28817E-01
  28.100     0.29963E-01
  28.200     0.30901E-01
  28.300     0.31620E-01
  28.400     0.32112E-01
  28.500     0.32374E-01
  28.600     0.32406E-01
  28.700     0.32211E-01
  28.800     0.31795E-01
  28.900     0.31166E-01
  29.000     0.30339E-01
  29.100     0.29326E-01
  29.200     0.28144E-01
  29.300     0.26814E-01
  29.400     0.25354E-01
  29.500     0.23787E-01
  29.600     0.22135E-01
  29.700     0.20423E-01
  29.800     0.18672E-01
  29.900     0.16908E-01
  30.000     0.15152E-01
  30.100     0.13428E-01
  30.200     0.11756E-01
  30.300     0.10157E-01
  30.400     0.86495E-02
  30.500     0.72493E-02
  30.600     0.59716E-02
  30.700     0.48291E-02
  30.800     0.38321E-02
  30.900     0.29889E-02
  31.000     0.23052E-02
  31.100     0.17844E-02
  31.200     0.14276E-02
  31.300     0.12335E-02
  31.400     0.11987E-02
  31.500     0.13177E-02
  31.600     0.15830E-02
  31.700     0.19853E-02
  31.800     0.25136E-02
  31.900     0.31556E-02
  32.000     0.38979E-02
  32.100     0.47258E-02
  32.200     0.56242E-02
  32.300     0.65771E-02
  32.400     0.75686E-02
  32.500     0.85826E-02
  32.600     0.96030E-02
  32.700     0.10614E-01
  32.800     0.11601E-01
  32.900     0.12550E-01
  33.000     0.13448E-01
  33.100     0.14281E-01
  33.200     0.15040E-01
  33.300     0.15715E-01
  33.400     0.16298E-01
  33.500     0.16782E-01
  33.600     0.17162E-01
  33.700     0.17435E-01
  33.800     0.17599E-01
  33.900     0.17653E-01
  34.000     0.17599E-01
  34.100     0.17439E-01
  34.200     0.17178E-01
  34.300     0.16820E-01
  34.400     0.16372E-01
  34.500     0.15842E-01
  34.600     0.15239E-01
  34.700     0.14570E-01
  34.800     0.13847E-01
  34.900     0.13078E-01
  35.000     0.12276E-01
  35.100     0.11450E-01
  35.200     0.10612E-01
  35.300     0.97717E-02
  35.400     0.89395E-02
  35.500     0.81255E-02
  35.600     0.73390E-02
  35.700     0.65888E-02
  35.800     0.58828E-02
  35.900     0.52282E-02
  36.000     0.46313E-02
  36.100     0.40973E-02
  36.200     0.36307E-02
  36.300     0.32347E-02
  36.400     0.29115E-02
  36.500     0.26624E-02
  36.600     0.24875E-02
  36.700     0.23862E-02
  36.800     0.23565E-02
  36.900     0.23960E-02
  37.000     0.25012E-02
  37.100     0.26677E-02
  37.200     0.28908E-02
  37.300     0.31649E-02
  37.400     0.34840E-02
  37.500     0.38417E-02
  37.600     0.42312E-02
  37.700     0.46457E-02
  37.800     0.50781E-02
  37.900     0.55213E-02
  38.000     0.59685E-02
  38.100     0.64127E-02
  38.200     0.68474E-02
  38.300     0.72665E-02
  38.400     0.76641E-02
  38.500     0.80350E-02
  38.600     0.83742E-02
  38.700     0.86775E-02
  38.800     0.89414E-02
  38.900     0.91628E-02
  39.000     0.93395E-02
  39.100     0.94697E-02
  39.200     0.95524E-02
  39.300     0.95874E-02
  39.400     0.95749E-02
  39.500     0.95159E-02
  39.600     0.94119E-02
  39.700     0.92649E-02
  39.800     0.90774E-02
  39.900     0.88527E-02
  40.000     0.85939E-02
 &
